[0m [38;5;1m     [7m[38;5;235m~`[0m[38;5;94;48;5;235m^[0m[7m[38;5;236m~[0m[38;5;94m_ [38;5;233m_[38;5;232mw [38;5;233mgg_[38;5;232mrr=             [0m
 [38;5;1m    [7m[38;5;234m`[0m[38;5;58;48;5;234m~[48;5;233m [38;5;242;48;5;235mu[38;5;250;48;5;240mw[38;5;249;48;5;101my[38;5;178;48;5;58m+[38;5;136;48;5;234m_[38;5;233;48;5;235m`[38;5;178;48;5;94m^[38;5;94;48;5;58mW[38;5;233;48;5;94m_[38;5;58;48;5;136mL~[0m[7m[38;5;58m`[0m[38;5;94;48;5;235mg[0m[38;5;94my[38;5;136m_[38;5;233m_[7m[38;5;232m~[38;5;233m~[0m[38;5;58;48;5;233mx[0m[38;5;232m_      [0m
 [38;5;1m   [38;5;232mx[7m[38;5;235mL[0m[38;5;58;48;5;234m,[48;5;233m  [38;5;242;48;5;235m"[38;5;251;48;5;240m~[38;5;236;48;5;244my[38;5;178;48;5;95m_[38;5;236;48;5;136m=[38;5;234m~[38;5;94mu[38;5;58mg[38;5;178;48;5;172m`[38;5;235;48;5;136m=[38;5;178m'[38;5;58mZ~[38;5;236mL[48;5;94m=[38;5;136;48;5;58my[38;5;94;48;5;234m_[38;5;144;48;5;240my[38;5;233;48;5;236m'[0m[38;5;233m      [0m
 [38;5;1m [38;5;232my^ [38;5;233m_[38;5;94;48;5;233m`[38;5;172;48;5;58ma[38;5;233;48;5;234m:[48;5;233m  [38;5;235;48;5;94m+[38;5;58;48;5;136m=[38;5;94;48;5;178m~[38;5;58;48;5;136mF[38;5;178;48;5;172m:[38;5;233;48;5;136m~[38;5;178m`[48;5;58m~[38;5;58;48;5;136mw[48;5;172my[48;5;178m [38;5;235;48;5;136m-[38;5;58;48;5;94m~[38;5;94;48;5;136my[38;5;235m`[38;5;136;48;5;94mr[0m[7m[38;5;235m?[0m[38;5;1m      [0m
 [38;5;232mv  [7mF[0m[38;5;1;48;5;233m  [38;5;136;48;5;235m`[48;5;58m~[38;5;178ma[38;5;233;48;5;172m`[38;5;58m=[38;5;234;48;5;94mF[38;5;136;48;5;178m_[38;5;58;48;5;136m=[38;5;130;48;5;236m,[38;5;58;48;5;94mr[48;5;136mr[38;5;94;48;5;172mF[38;5;58;48;5;178m=[38;5;234;48;5;94mt[38;5;94;48;5;179m_[38;5;178;48;5;58mL[38;5;58;48;5;172m_[38;5;178;48;5;58m\[38;5;94;48;5;136m([38;5;58ms[38;5;179;48;5;94mL[38;5;136;48;5;58my[0m[38;5;136m     [0m
 [38;5;1m  [38;5;236;48;5;233m_[38;5;58;48;5;235m,[38;5;236;48;5;234my[38;5;233m:[48;5;136m~[38;5;172;48;5;178m` [38;5;235;48;5;136m4[38;5;233;48;5;94m=[38;5;178;48;5;172m:[38;5;94;48;5;235m-[38;5;58;48;5;94mT[38;5;94;48;5;58my[38;5;172my[38;5;223;48;5;237m_[38;5;136;48;5;58ma[38;5;223;48;5;237m`[38;5;137;48;5;8m~[38;5;234;48;5;239m'[38;5;94;48;5;136mv[38;5;58m~[48;5;178m [38;5;178;48;5;136m'[38;5;100;48;5;137mh[38;5;137;48;5;58m=[38;5;248;48;5;94mr[0m[7m[38;5;233mJ[0m[38;5;1m    [0m
 [38;5;1m [38;5;58;48;5;234my[38;5;94;48;5;236mF[38;5;234;48;5;235mgj[38;5;58m~[38;5;59;48;5;137my[38;5;179;48;5;187m~[38;5;241;48;5;143my[38;5;255;48;5;239m_[38;5;244;48;5;178m_[38;5;178;48;5;58m~[38;5;172my[48;5;178m`[38;5;236;48;5;136m_[38;5;136;48;5;178m.[38;5;222m`[38;5;233;48;5;143m`[38;5;95;48;5;137m?[38;5;246;48;5;238mw[38;5;233;48;5;235m:[38;5;101;48;5;239mF[38;5;58;48;5;130m+[48;5;178m [38;5;94m^[38;5;178;48;5;179m'[38;5;234;48;5;94m:[38;5;180;48;5;101ma[38;5;233;48;5;236m`[0m[38;5;233m    [0m
 [7m[38;5;233mF[0m[38;5;235;48;5;58m/[38;5;58;48;5;237mL[38;5;234;48;5;236m`[48;5;235m4[38;5;233;48;5;234m:[38;5;101;48;5;59mU[38;5;231;48;5;253m:[38;5;244;48;5;188m_[38;5;8;48;5;145my[38;5;244;48;5;252m`[38;5;233;48;5;7m~[38;5;178;48;5;187m`[38;5;239;48;5;179m-[38;5;234;48;5;137m`[38;5;233;48;5;94m_[38;5;235;48;5;136m,[38;5;233m_[38;5;94;48;5;130mZ`[38;5;235;48;5;94m~[38;5;236m`[38;5;94;48;5;130m~[38;5;136;48;5;178m` [38;5;221mx[38;5;136m"[38;5;58;48;5;136m{[0m[38;5;233mF    [0m
 [7m[38;5;235m.[0m[38;5;94;48;5;235m`[48;5;136m~~[38;5;236;48;5;237m`[38;5;233;48;5;234m:[38;5;101;48;5;240my[38;5;246;48;5;238m^[38;5;237;48;5;246mL[38;5;236;48;5;253m`[48;5;255m [38;5;234;48;5;247ma[38;5;236;48;5;246mw[38;5;231;48;5;188m:[38;5;244;48;5;253m-[38;5;242;48;5;179m`[48;5;136m [38;5;234;48;5;94m`[38;5;58m,[48;5;130m [38;5;172m_[38;5;178;48;5;136m_[38;5;172m.[38;5;233m_[48;5;178m [38;5;94m_  [48;5;235mw[0m[38;5;232m,   [0m
 [38;5;1m [38;5;101;48;5;236mL[38;5;178;48;5;136m'[48;5;178m [48;5;94m_[38;5;236;48;5;234mL[38;5;101;48;5;236m"[38;5;235;48;5;95m/[38;5;101;48;5;250my[38;5;59;48;5;8m_[38;5;241;48;5;144m_[38;5;255m~[38;5;235m_[38;5;8my[38;5;254m`[38;5;144;48;5;137m`[38;5;240;48;5;101mL[38;5;94;48;5;236m~[38;5;136;48;5;58m1[38;5;58;48;5;136m=[48;5;172mRL[48;5;179m_[38;5;251;48;5;59my[38;5;241;48;5;235m,[38;5;131;48;5;236m?[38;5;173;48;5;130m>[38;5;137;48;5;131m:[38;5;180;48;5;95mL[38;5;234;48;5;235m$[0m[38;5;234m   [0m
 [38;5;1m [38;5;240;48;5;236m4[38;5;234;48;5;58mt[38;5;58;48;5;94m4[38;5;178;48;5;172m`[38;5;172;48;5;94mL[38;5;236;48;5;234m_[38;5;233m`[38;5;241m`[38;5;101;48;5;236m~[38;5;236;48;5;241my[38;5;233;48;5;101m_[38;5;239m7[38;5;101;48;5;239mp[48;5;138mL[48;5;239mE[38;5;242;48;5;236mL[38;5;233;48;5;234m`[38;5;101;48;5;235m=[38;5;181;48;5;242ma[38;5;241;48;5;250mF[38;5;236;48;5;187m=[38;5;234m-[38;5;231;48;5;188m'[38;5;255;48;5;253m:[38;5;253;48;5;238m,[38;5;254;48;5;95m_[38;5;233;48;5;250m`[38;5;8;48;5;248m_[38;5;232;48;5;234mJ[0m[38;5;232m-  [0m
 [38;5;1m  [7m[38;5;239m_[0m[38;5;58;48;5;95m7[38;5;233;48;5;58mL[38;5;235;48;5;94mt[38;5;237;48;5;130m"[38;5;178;48;5;58m_[38;5;234;48;5;236m~[38;5;236;48;5;234m.[38;5;240mr[38;5;238;48;5;235m^[38;5;242;48;5;234mT[38;5;251;48;5;237m`[38;5;242;48;5;235mr[38;5;252;48;5;8m.[38;5;102;48;5;237ms[38;5;101;48;5;8m_[38;5;243;48;5;235m.[38;5;240;48;5;236m^[38;5;254;48;5;244ma[38;5;244;48;5;187mT[38;5;144;48;5;188m_[38;5;234;48;5;252m_[38;5;237;48;5;248my[38;5;243;48;5;235m"[38;5;233;48;5;251m_[38;5;255;48;5;244m`[38;5;233;48;5;234m`[0m[7m[38;5;232m4[0m[38;5;1m   [0m
 [38;5;1m   [38;5;241m~[7m[38;5;95m_[0m[38;5;101;48;5;235m_[38;5;235;48;5;58my[38;5;178;48;5;172m`[38;5;58;48;5;136m"[38;5;136;48;5;58mx[38;5;94;48;5;237m_[38;5;233;48;5;236m`[48;5;234m:[38;5;244;48;5;237mx[48;5;8mF[38;5;249m`[38;5;59;48;5;235m:[38;5;179;48;5;58m~[38;5;233;48;5;235m:[38;5;137;48;5;236m_[38;5;144m_[38;5;255;48;5;239m_[38;5;187;48;5;242mg[38;5;233;48;5;101m~[38;5;187;48;5;59my[38;5;188;48;5;242ms[0m[38;5;232m" `[38;5;233m+[38;5;232m~  [0m
 [38;5;1m     [38;5;101m~[48;5;8m*[38;5;95;48;5;235m_[38;5;172;48;5;58m~[38;5;58;48;5;136m~[38;5;235;48;5;94m*[48;5;236m [38;5;59;48;5;234m`[38;5;233m:[38;5;240m"[48;5;233m  [0m[7m[38;5;232my[0m[38;5;234m~[7m[38;5;240m_[0m[38;5;95;48;5;144m_[38;5;101;48;5;187m_[38;5;239;48;5;250m_[38;5;101;48;5;187m_[38;5;233;48;5;145m_[0m[7m[38;5;8my[0m[38;5;1m       [0m
 [38;5;1m       [38;5;101m~[48;5;234m=[38;5;235m`[38;5;232;48;5;236m_[38;5;233;48;5;234m:[38;5;236m^[38;5;234;48;5;233m. [0m[7m[38;5;233m1[0m[38;5;232mM   [7m[38;5;233mw[0m[38;5;235m~[38;5;236m~[38;5;237m~[38;5;233m~        [0m
 [38;5;1m          [38;5;233m~[38;5;232m~[7my[38;5;233m_+[0m[38;5;233m=                 [0m
